image\pos\00000003_009.jpg  3  257 84 405 216
image\pos\00000003_012.jpg  4  84 109 190 202
image\pos\00000003_013.jpg  5  66 81 173 181
image\pos\00000003_015.jpg  6  210 237 650 640
image\pos\00000003_020.jpg  7  63 195 467 592
image\pos\00000003_024.jpg  8  223 51 323 134
image\pos\00000003_026.jpg  9  92 142 293 296
image\pos\10_000.jpg  10  60 114 235 253
image\pos\10_003.jpg  11  288 97 478 293
image\pos\10_006.jpg  12  85 146 430 436
image\pos\10_027.jpg  13  191 200 529 488
image\pos\10_028.jpg  14  321 306 762 583
image\pos\10_029.jpg  15  272 267 476 461
image\pos\11_001.jpg  16  430 146 667 353
image\pos\11_002.jpg  17  202 212 582 532
image\pos\11_003.jpg  18  202 249 278 323
image\pos\11_004.jpg  19  122 132 299 248
image\pos\11_007.jpg  20  479 199 806 475
image\pos\11_010.jpg  21  66 96 257 256
image\pos\11_014.jpg  22  192 141 314 257
image\pos\11_015.jpg  23  298 208 576 475
image\pos\11_016.jpg  24  245 209 657 639
image\pos\11_017.jpg  25  143 87 442 332
image\pos\11_020.jpg  26  181 119 368 255
image\pos\11_023.jpg  27  487 210 697 401
image\pos\11_025.jpg  28  152 161 239 243
image\pos\11_027.jpg  29  181 89 296 193
image\pos\12_010.jpg  30  137 149 241 243
image\pos\12_022.jpg  31  226 46 369 156
image\pos\12_025.jpg  32  129 157 236 255
image\pos\12_028.jpg  33  436 149 578 283
image\pos\13_005.jpg  34  258 256 510 430
image\pos\13_006.jpg  35  429 233 635 419
image\pos\13_009.jpg  36  183 27 335 178
image\pos\13_011.jpg  37  200 101 344 242
image\pos\13_014.jpg  38  198 68 293 173
image\pos\13_017.jpg  39  200 52 311 165
image\pos\13_021.jpg  40  274 95 383 182
image\pos\13_022.jpg  41  251 107 378 213
image\pos\13_025.jpg  42  268 321 468 534
image\pos\13_026.jpg  43  775 490 889 607
image\pos\13_029.jpg  44  157 347 442 644
image\pos\14_001.jpg  45  403 158 661 414
image\pos\14_003.jpg  46  481 203 779 538
image\pos\14_027.jpg  47  166 47 340 232
image\pos\15_000.jpg  48  289 108 455 233
image\pos\15_013.jpg  49  107 52 297 211
image\pos\15_016.jpg  50  666 270 861 475
image\pos\15_018.jpg  51  316 42 399 126
image\pos\15_019.jpg  52  527 256 637 380
image\pos\15_020.jpg  53  258 87 373 207
image\pos\15_021.jpg  54  82 48 328 240
image\pos\15_022.jpg  55  143 90 335 296
image\pos\15_026.jpg  56  197 98 286 189
image\pos\15_028.jpg  57  50 43 170 171
image\pos\15_029.jpg  58  272 68 384 179
image\pos\16_013.jpg  59  88 89 240 232
image\pos\16_015.jpg  60  241 106 332 193
image\pos\16_018.jpg  61  230 120 299 196
image\pos\16_019.jpg  62  262 198 755 714
image\pos\16_022.jpg  63  335 137 750 624
image\pos\16_027.jpg  64  311 192 619 485
image\pos\17_000.jpg  65  132 133 357 301
image\pos\17_001.jpg  66  141 109 207 158
image\pos\17_002.jpg  67  92 235 252 307
image\pos\17_003.jpg  68  259 235 804 695
image\pos\17_005.jpg  69  192 239 828 722
image\pos\17_007.jpg  70  92 59 265 257
image\pos\17_008.jpg  71  720 73 918 302
image\pos\17_019.jpg  72  100 98 217 204
image\pos\17_020.jpg  73  155 173 289 298
image\pos\18_006.jpg  74  276 71 344 139
image\pos\18_023.jpg  75  519 226 698 400
image\pos\18_024.jpg  76  319 251 767 655
image\pos\18_025.jpg  77  147 162 222 228
image\pos\18_029.jpg  78  154 74 279 165
image\pos\19_000.jpg  79  472 244 707 491
image\pos\19_004.jpg  80  98 105 264 232
image\pos\19_006.jpg  81  464 103 942 608
image\pos\19_010.jpg  82  98 34 169 100
image\pos\19_015.jpg  83  53 75 421 385
image\pos\19_020.jpg  84  159 79 287 173
image\pos\19_022.jpg  85  147 77 351 245
image\pos\19_024.jpg  86  283 64 431 197
image\pos\19_025.jpg  87  285 62 429 204
image\pos\19_026.jpg  88  284 53 436 198
image\pos\19_027.jpg  89  230 123 324 171
image\pos\1_005.jpg  90  54 26 219 184
image\pos\1_008.jpg  91  299 203 357 250
image\pos\1_011.jpg  92  132 96 319 254
image\pos\1_012.jpg  93  97 56 255 203
image\pos\1_016.jpg  94  340 222 485 329
image\pos\1_017.jpg  95  267 186 638 588
image\pos\1_020.jpg  96  187 86 401 258
image\pos\1_024.jpg  97  222 56 397 198
image\pos\1_027.jpg  98  203 94 292 175
image\pos\1_029.jpg  99  346 53 473 177
image\pos\20_001.jpg  100  87 46 333 281
image\pos\20_002.jpg  101  178 145 213 175
image\pos\20_004.jpg  102  213 69 351 204
image\pos\20_005.jpg  103  141 69 349 224
image\pos\20_006.jpg  104  355 166 507 291
image\pos\20_015.jpg  105  106 58 228 190
image\pos\20_017.jpg  106  136 111 364 293
image\pos\20_018.jpg  107  443 157 880 485
image\pos\21_008.jpg  108  120 120 349 268
image\pos\21_018.jpg  109  129 64 354 216
image\pos\21_019.jpg  110  315 57 469 187
image\pos\22_003.jpg  111  121 96 398 359
image\pos\22_005.jpg  112  130 64 252 175
image\pos\22_008.jpg  113  395 222 513 326
image\pos\22_009.jpg  114  394 215 515 315
image\pos\22_010.jpg  115  499 288 598 381
image\pos\22_011.jpg  116  388 230 511 329
image\pos\22_013.jpg  117  257 277 350 344
image\pos\22_014.jpg  118  132 315 279 445
image\pos\22_021.jpg  119  546 190 720 332
image\pos\22_022.jpg  120  436 148 596 283
image\pos\22_024.jpg  121  420 168 695 369
image\pos\22_028.jpg  122  350 180 753 485
image\pos\23_001.jpg  123  302 115 803 505
image\pos\23_005.jpg  124  250 92 402 230
image\pos\23_006.jpg  125  203 48 337 168
image\pos\23_007.jpg  126  120 156 329 296
image\pos\23_011.jpg  127  301 276 644 558
image\pos\23_020.jpg  128  61 105 350 380
image\pos\23_025.jpg  129  126 138 333 316
image\pos\24_000.jpg  130  531 219 867 464
image\pos\24_001.jpg  131  619 475 903 645
image\pos\24_008.jpg  132  311 113 351 151
image\pos\24_009.jpg  133  265 179 420 310
image\pos\24_011.jpg  134  174 102 240 155
image\pos\24_012.jpg  135  127 206 563 546
image\pos\24_013.jpg  136  244 108 350 199
image\pos\24_018.jpg  137  241 213 447 394
image\pos\24_024.jpg  138  89 84 319 251
image\pos\24_029.jpg  139  75 42 173 141
image\pos\25_004.jpg  140  183 41 279 116
image\pos\25_013.jpg  141  99 188 310 353
image\pos\25_015.jpg  142  131 201 664 602
image\pos\25_018.jpg  143  1 159 437 454
image\pos\25_022.jpg  144  209 73 372 199
image\pos\25_029.jpg  145  366 79 457 166
image\pos\26_001.jpg  146  244 61 297 118
image\pos\26_008.jpg  147  223 563 487 721
image\pos\26_009.jpg  148  238 95 332 173
image\pos\26_011.jpg  149  268 102 341 154
image\pos\26_015.jpg  150  162 143 504 373
image\pos\26_016.jpg  151  573 214 688 306
image\pos\26_020.jpg  152  255 135 509 344
image\pos\26_024.jpg  153  188 235 636 554
image\pos\26_026.jpg  154  206 169 731 638
image\pos\26_027.jpg  155  205 114 310 218
image\pos\27_000.jpg  156  74 118 266 284
image\pos\27_017.jpg  157  173 71 415 300
image\pos\27_018.jpg  158  352 151 774 465
image\pos\27_019.jpg  159  78 396 252 571
image\pos\27_020.jpg  160  421 225 881 684
image\pos\27_027.jpg  161  299 342 478 494
image\pos\27_029.jpg  162  257 262 728 646
image\pos\28_002.jpg  163  288 161 611 502
image\pos\28_004.jpg  164  316 250 721 639
image\pos\28_015.jpg  165  144 41 294 147
image\pos\28_017.jpg  166  110 48 247 159
image\pos\28_018.jpg  167  144 148 252 250
image\pos\28_024.jpg  168  166 91 304 211
image\pos\29_003.jpg  169  165 88 316 246
image\pos\29_004.jpg  170  182 83 286 186
image\pos\29_024.jpg  171  113 401 385 624
image\pos\29_029.jpg  172  224 179 449 379
image\pos\2_001.jpg  173  232 336 747 681
image\pos\2_003.jpg  174  319 243 870 578
image\pos\2_008.jpg  175  102 109 350 333
image\pos\2_026.jpg  176  111 107 245 219
image\pos\30_004.jpg  177  101 103 262 240
image\pos\30_006.jpg  178  177 107 382 275
image\pos\30_009.jpg  179  94 85 288 287
image\pos\30_012.jpg  180  111 135 398 336
image\pos\30_022.jpg  181  86 120 301 276
image\pos\30_023.jpg  182  332 185 446 288
image\pos\30_025.jpg  183  150 89 322 257
image\pos\30_026.jpg  184  83 139 287 300
image\pos\30_028.jpg  185  133 66 345 241
image\pos\30_029.jpg  186  140 70 359 288
image\pos\31_004.jpg  187  92 99 314 282
image\pos\31_010.jpg  188  75 246 584 662
image\pos\31_019.jpg  189  112 261 409 446
image\pos\31_027.jpg  190  82 82 197 179
image\pos\31_028.jpg  191  343 183 738 515
image\pos\32_002.jpg  192  362 140 440 215
image\pos\32_003.jpg  193  77 139 242 276
image\pos\32_015.jpg  194  230 76 309 173
image\pos\32_019.jpg  195  216 252 747 722
image\pos\32_026.jpg  196  268 192 446 423
image\pos\33_006.jpg  197  187 55 390 265
image\pos\33_009.jpg  198  109 102 289 236
image\pos\33_011.jpg  199  142 70 284 211
image\pos\33_012.jpg  200  159 53 294 207
image\pos\33_017.jpg  201  515 120 647 256
image\pos\33_018.jpg  202  175 170 567 550
image\pos\33_019.jpg  203  558 248 726 409
image\pos\33_021.jpg  204  189 177 611 543
image\pos\33_022.jpg  205  163 128 497 556
image\pos\33_025.jpg  206  363 181 751 679
image\pos\34_001.jpg  207  169 107 509 374
image\pos\34_026.jpg  208  49 83 265 261
image\pos\34_027.jpg  209  87 65 275 242
image\pos\34_028.jpg  210  157 76 336 224
image\pos\34_029.jpg  211  109 85 247 191
image\pos\35_004.jpg  212  378 277 825 626
image\pos\35_005.jpg  213  212 225 731 700
image\pos\35_006.jpg  214  36 109 316 326
image\pos\36_000.jpg  215  235 269 387 391
image\pos\36_005.jpg  216  103 197 309 354
image\pos\36_006.jpg  217  250 261 777 722
image\pos\36_008.jpg  218  229 195 431 354
image\pos\36_016.jpg  219  93 88 447 351
image\pos\36_018.jpg  220  72 125 433 454
image\pos\36_019.jpg  221  117 93 255 217
image\pos\36_020.jpg  222  141 57 313 186
image\pos\36_021.jpg  223  189 61 328 183
image\pos\36_023.jpg  224  140 116 404 282
image\pos\36_024.jpg  225  148 117 263 237
image\pos\36_029.jpg  226  167 54 316 180
image\pos\37_000.jpg  227  175 99 287 198
image\pos\37_001.jpg  228  200 61 339 201
image\pos\37_002.jpg  229  186 50 353 165
image\pos\37_003.jpg  230  201 119 350 233
image\pos\37_004.jpg  231  131 109 308 245
image\pos\37_005.jpg  232  120 36 224 125
image\pos\37_006.jpg  233  138 374 293 457
image\pos\37_007.jpg  234  217 52 418 229
image\pos\37_013.jpg  235  304 73 401 150
image\pos\37_023.jpg  236  257 211 488 439
image\pos\37_026.jpg  237  224 107 391 272
image\pos\37_028.jpg  238  53 50 185 134
image\pos\38_000.jpg  239  105 83 165 138
image\pos\38_002.jpg  240  75 41 316 220
image\pos\38_010.jpg  241  180 104 277 226
image\pos\38_015.jpg  242  169 120 281 228
image\pos\38_016.jpg  243  352 206 731 592
image\pos\38_020.jpg  244  474 232 620 419
image\pos\39_000.jpg  245  198 30 343 161
image\pos\39_013.jpg  246  153 124 333 258
image\pos\39_017.jpg  247  75 112 301 278
image\pos\3_007.jpg  248  275 50 449 209
image\pos\3_029.jpg  249  137 132 332 327
image\pos\40_004.jpg  250  115 122 725 638
image\pos\40_018.jpg  251  81 175 277 338
image\pos\40_019.jpg  252  204 183 513 453
image\pos\40_022.jpg  253  39 102 330 356
image\pos\40_023.jpg  254  156 240 307 370
image\pos\40_025.jpg  255  120 165 221 256
image\pos\40_028.jpg  256  31 161 251 335
image\pos\40_029.jpg  257  183 180 350 342
image\pos\41_000.jpg  258  640 135 876 374
image\pos\41_001.jpg  259  145 95 352 279
image\pos\41_003.jpg  260  337 147 592 377
image\pos\41_007.jpg  261  252 398 401 527
image\pos\41_011.jpg  262  144 67 245 148
image\pos\41_012.jpg  263  187 84 380 252
image\pos\42_009.jpg  264  101 110 373 361
image\pos\42_020.jpg  265  256 187 401 288
image\pos\42_021.jpg  266  454 143 685 385
image\pos\43_013.jpg  267  219 194 394 315
image\pos\43_020.jpg  268  86 61 231 226
image\pos\43_021.jpg  269  336 136 407 204
image\pos\43_025.jpg  270  372 60 471 156
image\pos\43_026.jpg  271  204 184 541 608
image\pos\43_027.jpg  272  66 80 141 143
image\pos\43_028.jpg  273  170 112 280 214
image\pos\44_001.jpg  274  133 492 553 721
image\pos\45_002.jpg  275  116 237 661 653
image\pos\45_007.jpg  276  65 129 266 258
image\pos\45_014.jpg  277  229 133 335 213
image\pos\45_021.jpg  278  237 45 332 160
image\pos\45_028.jpg  279  147 64 262 175
image\pos\45_029.jpg  280  214 87 403 263
image\pos\46_006.jpg  281  130 93 294 181
image\pos\46_010.jpg  282  406 93 714 348
image\pos\46_014.jpg  283  365 92 617 353
image\pos\46_016.jpg  284  173 270 504 610
image\pos\46_021.jpg  285  65 194 483 627
image\pos\46_023.jpg  286  219 182 468 458
image\pos\46_025.jpg  287  561 178 761 392
image\pos\47_017.jpg  288  129 143 312 325
image\pos\47_020.jpg  289  544 168 661 260
image\pos\47_025.jpg  290  437 339 592 516
image\pos\48_001.jpg  291  227 50 306 117
image\pos\48_004.jpg  292  188 170 276 241
image\pos\48_010.jpg  293  95 110 309 287
image\pos\48_014.jpg  294  223 177 419 311
image\pos\48_016.jpg  295  146 188 522 424
image\pos\48_018.jpg  296  159 227 515 447
image\pos\48_028.jpg  297  175 135 381 290
image\pos\49_004.jpg  298  91 131 245 257
image\pos\49_005.jpg  299  229 62 345 211
image\pos\49_010.jpg  300  144 200 229 294
image\pos\49_011.jpg  301  116 185 230 285
image\pos\49_012.jpg  302  187 117 308 239
image\pos\49_017.jpg  303  81 87 308 258
image\pos\49_026.jpg  304  311 171 789 648
image\pos\49_027.jpg  305  162 130 382 305
image\pos\49_029.jpg  306  181 172 277 237
image\pos\4_003.jpg  307  145 135 229 199
image\pos\4_007.jpg  308  129 269 169 295
image\pos\4_008.jpg  309  136 94 284 215
image\pos\4_012.jpg  310  590 195 903 497
image\pos\4_018.jpg  311  153 107 327 253
image\pos\4_023.jpg  312  98 104 429 416
image\pos\4_028.jpg  313  491 180 815 387
image\pos\50_007.jpg  314  249 157 441 296
image\pos\50_008.jpg  315  112 104 308 216
image\pos\50_009.jpg  316  402 236 668 428
image\pos\50_010.jpg  317  245 163 394 283
image\pos\50_014.jpg  318  45 57 168 146
image\pos\50_015.jpg  319  163 99 309 227
image\pos\50_028.jpg  320  218 250 666 569
image\pos\51_002.jpg  321  146 93 378 277
image\pos\51_005.jpg  322  178 244 598 604
image\pos\51_006.jpg  323  184 130 522 467
image\pos\51_011.jpg  324  113 249 164 299
image\pos\51_012.jpg  325  152 118 234 199
image\pos\51_014.jpg  326  95 137 314 319
image\pos\51_019.jpg  327  178 98 300 204
image\pos\51_021.jpg  328  223 150 421 333
image\pos\52_010.jpg  329  178 46 306 166
image\pos\52_011.jpg  330  405 207 565 363
image\pos\52_013.jpg  331  138 82 228 158
image\pos\52_016.jpg  332  452 97 835 433
image\pos\52_020.jpg  333  269 73 432 209
image\pos\52_021.jpg  334  211 118 361 229
image\pos\52_026.jpg  335  158 80 316 215
image\pos\53_006.jpg  336  172 177 274 276
image\pos\53_011.jpg  337  522 194 692 345
image\pos\53_027.jpg  338  173 99 400 317
image\pos\54_015.jpg  339  182 112 353 246
image\pos\54_026.jpg  340  347 172 590 343
image\pos\54_028.jpg  341  639 243 767 360
image\pos\54_029.jpg  342  156 91 399 300
image\pos\55_003.jpg  343  347 188 738 499
image\pos\55_006.jpg  344  204 85 416 236
image\pos\55_012.jpg  345  287 312 503 498
image\pos\56_003.jpg  346  249 183 749 652
image\pos\56_010.jpg  347  173 135 308 235
image\pos\56_013.jpg  348  251 60 415 175
image\pos\56_016.jpg  349  101 60 172 122
image\pos\56_019.jpg  350  393 226 857 603
image\pos\56_022.jpg  351  188 72 374 298
image\pos\57_001.jpg  352  364 211 617 391
image\pos\58_005.jpg  353  429 134 845 466
image\pos\58_010.jpg  354  206 94 299 196
image\pos\58_011.jpg  355  155 174 561 448
image\pos\5_000.jpg  356  286 210 616 458
image\pos\5_001.jpg  357  245 213 717 496
image\pos\5_012.jpg  358  362 289 455 368
image\pos\5_017.jpg  359  193 73 351 201
image\pos\5_020.jpg  360  14 116 302 325
image\pos\5_022.jpg  361  526 270 773 469
image\pos\5_023.jpg  362  288 109 539 364
image\pos\6_006.jpg  363  492 164 738 501
image\pos\6_008.jpg  364  169 119 305 273
image\pos\6_009.jpg  365  262 113 357 212
image\pos\6_011.jpg  366  478 219 695 404
image\pos\6_013.jpg  367  227 145 337 238
image\pos\6_016.jpg  368  275 396 578 640
image\pos\6_022.jpg  369  245 96 448 257
image\pos\6_024.jpg  370  297 100 417 237
image\pos\6_025.jpg  371  101 268 225 383
image\pos\6_029.jpg  372  107 63 272 190
image\pos\7_000.jpg  373  107 99 312 243
image\pos\7_002.jpg  374  558 281 645 370
image\pos\7_004.jpg  375  195 82 353 229
image\pos\7_005.jpg  376  90 51 376 324
image\pos\7_006.jpg  377  168 74 404 294
image\pos\7_007.jpg  378  65 133 366 392
image\pos\7_008.jpg  379  129 151 508 439
image\pos\7_012.jpg  380  491 254 940 580
image\pos\7_013.jpg  381  217 78 419 228
image\pos\7_014.jpg  382  78 33 420 341
image\pos\7_015.jpg  383  46 95 322 336
image\pos\7_022.jpg  384  187 116 261 187
image\pos\8_002.jpg  385  117 126 306 267
image\pos\8_003.jpg  386  247 224 735 681
image\pos\8_007.jpg  387  91 166 386 330
image\pos\8_018.jpg  388  59 116 161 194
image\pos\8_028.jpg  389  311 45 452 165
image\pos\8_029.jpg  390  170 140 357 318
image\pos\9_003.jpg  391  430 231 643 439
image\pos\9_004.jpg  392  368 260 587 446
image\pos\9_005.jpg  393  478 279 572 378
image\pos\9_009.jpg  394  71 112 413 397
image\pos\9_013.jpg  395  305 253 604 541
image\pos\9_015.jpg  396  616 261 764 461
image\pos\9_016.jpg  397  730 225 837 358
image\pos\9_021.jpg  398  248 188 450 373
image\pos\9_022.jpg  399  632 236 782 400
image\pos\9_023.jpg  400  436 331 518 396
image\pos\9_026.jpg  401  330 192 670 513
